****************************************************************																																
*   This file was generated by Direct Download Enterprise.     *																																
*   Please do not change it manually.                          *																																
****************************************************************																																
%_DYNPRO																																
ZAI2MAIN																																
0100																																
754																																
                40																																
%_HEADER																																
ZAI2MAIN                                0100 0100     36175196 37  0  0 40232  0G E                              20210903180207																																
%_DESCRIPTION																																
MAIN SCREEN																																
%_FIELDS																																
TREE1			 52	00	00	00	30	00	  1	  2		  0	  0	  0		 24	U				  1	  1	107									
BOX1		CHAR	122	00	00	00	30	00	  1	 55		  0	  0	  0		 24	R				  0	  0	108							(#)#### ## ####		
T_MONTH	C	CHAR	  6	80	00	80	31	00	  3	113		  0	  0	  0		  0					  0	  0								______		
T_DAY7	0	CHAR	  3	00	00	00	38	00	  5	 64		  0	  0	  0		  0					  0	  0								SUN		
T_DAY1	0	CHAR	  3	00	00	00	30	00	  5	 79		  0	  0	  0		  0					  0	  0								MON		
T_DAY2	0	CHAR	  3	00	00	00	30	00	  5	 94		  0	  0	  0		  0					  0	  0								TUE		
T_DAY3	0	CHAR	  3	00	00	00	30	00	  5	109		  0	  0	  0		  0					  0	  0								WED		
T_DAY4	0	CHAR	  3	00	00	00	30	00	  5	124		  0	  0	  0		  0					  0	  0								THU		
T_DAY5	0	CHAR	  3	00	00	00	30	00	  5	139		  0	  0	  0		  0					  0	  0								FRI		
T_DAY6	0	CHAR	  3	00	00	00	38	00	  5	154		  0	  0	  0		  0					  0	  0								SAT		
T_01	C	CHAR	 14	80	00	80	31	00	  6	 64		  0	  0	  0		  0					  0	  0						PAR	001	______________		
T_02	C	CHAR	 14	80	00	80	31	00	  6	 79		  0	  0	  0		  0					  0	  0						PAR	002	______________		
T_03	C	CHAR	 14	80	00	80	31	00	  6	 94		  0	  0	  0		  0					  0	  0						PAR	003	______________		
T_04	C	CHAR	 14	80	00	80	31	00	  6	109		  0	  0	  0		  0					  0	  0						PAR	004	______________		
T_05	C	CHAR	 14	80	00	80	31	00	  6	124		  0	  0	  0		  0					  0	  0						PAR	005	______________		
T_06	C	CHAR	 14	80	00	80	31	00	  6	139		  0	  0	  0		  0					  0	  0						PAR	006	______________		
T_07	C	CHAR	 14	80	00	80	31	00	  6	154		  0	  0	  0		  0					  0	  0						PAR	007	______________		
P_01	C	CHAR	 14	80	20	80	30	00	  7	 64		  0	  0	  0		  0					  0	  0						PAR	010	______________		
P_02	C	CHAR	 14	80	20	80	30	00	  7	 79		  0	  0	  0		  0					  0	  0						PAR	011	______________		
P_03	C	CHAR	 14	80	20	80	30	00	  7	 94		  0	  0	  0		  0					  0	  0						PAR	012	______________		
P_04	C	CHAR	 14	80	20	80	30	00	  7	109		  0	  0	  0		  0					  0	  0						PAR	013	______________		
P_05	C	CHAR	 14	80	20	80	30	00	  7	124		  0	  0	  0		  0					  0	  0						PAR	014	______________		
P_06	C	CHAR	 14	80	20	80	30	00	  7	139		  0	  0	  0		  0					  0	  0						PAR	015	______________		
P_07	C	CHAR	 14	80	20	80	30	00	  7	154		  0	  0	  0		  0					  0	  0						PAR	016	______________		
T_08	C	CHAR	 14	80	00	80	31	00	  9	 64		  0	  0	  0		  0					  0	  0						PAR	020	______________		
T_09	C	CHAR	 14	80	00	80	31	00	  9	 79		  0	  0	  0		  0					  0	  0						PAR	021	______________		
T_10	C	CHAR	 14	80	00	80	31	00	  9	 94		  0	  0	  0		  0					  0	  0						PAR	022	______________		
T_11	C	CHAR	 14	80	00	80	31	00	  9	109		  0	  0	  0		  0					  0	  0						PAR	023	______________		
T_12	C	CHAR	 14	80	00	80	31	00	  9	124		  0	  0	  0		  0					  0	  0						PAR	024	______________		
T_13	C	CHAR	 14	80	00	80	31	00	  9	139		  0	  0	  0		  0					  0	  0						PAR	025	______________		
T_14	C	CHAR	 14	80	00	80	31	00	  9	154		  0	  0	  0		  0					  0	  0						PAR	026	______________		
P_08	C	CHAR	 14	80	20	80	30	00	 10	 64		  0	  0	  0		  0					  0	  0						PAR	029	______________		
P_09	C	CHAR	 14	80	20	80	30	00	 10	 79		  0	  0	  0		  0					  0	  0						PAR	030	______________		
P_10	C	CHAR	 14	80	20	80	30	00	 10	 94		  0	  0	  0		  0					  0	  0						PAR	031	______________		
P_11	C	CHAR	 14	80	20	80	30	00	 10	109		  0	  0	  0		  0					  0	  0						PAR	032	______________		
P_12	C	CHAR	 14	80	20	80	30	00	 10	124		  0	  0	  0		  0					  0	  0						PAR	033	______________		
P_13	C	CHAR	 14	80	20	80	30	00	 10	139		  0	  0	  0		  0					  0	  0						PAR	034	______________		
P_14	C	CHAR	 14	80	20	80	30	00	 10	154		  0	  0	  0		  0					  0	  0						PAR	035	______________		
T_15	C	CHAR	 14	80	00	80	31	00	 12	 64		  0	  0	  0		  0					  0	  0						PAR	039	______________		
T_16	C	CHAR	 14	80	00	80	31	00	 12	 79		  0	  0	  0		  0					  0	  0						PAR	040	______________		
T_17	C	CHAR	 14	80	00	80	31	00	 12	 94		  0	  0	  0		  0					  0	  0						PAR	041	______________		
T_18	C	CHAR	 14	80	00	80	31	00	 12	109		  0	  0	  0		  0					  0	  0						PAR	042	______________		
T_19	C	CHAR	 14	80	00	80	31	00	 12	124		  0	  0	  0		  0					  0	  0						PAR	043	______________		
T_20	C	CHAR	 14	80	00	80	31	00	 12	139		  0	  0	  0		  0					  0	  0						PAR	044	______________		
T_21	C	CHAR	 14	80	00	80	31	00	 12	154		  0	  0	  0		  0					  0	  0						PAR	045	______________		
P_15	C	CHAR	 14	80	20	80	30	00	 13	 64		  0	  0	  0		  0					  0	  0						PAR	048	______________		
P_16	C	CHAR	 14	80	20	80	30	00	 13	 79		  0	  0	  0		  0					  0	  0						PAR	049	______________		
P_17	C	CHAR	 14	80	20	80	30	00	 13	 94		  0	  0	  0		  0					  0	  0						PAR	050	______________		
P_18	C	CHAR	 14	80	20	80	30	00	 13	109		  0	  0	  0		  0					  0	  0						PAR	051	______________		
P_19	C	CHAR	 14	80	20	80	30	00	 13	124		  0	  0	  0		  0					  0	  0						PAR	052	______________		
P_20	C	CHAR	 14	80	20	80	30	00	 13	139		  0	  0	  0		  0					  0	  0						PAR	053	______________		
P_21	C	CHAR	 14	80	20	80	30	00	 13	154		  0	  0	  0		  0					  0	  0						PAR	054	______________		
T_22	C	CHAR	 14	80	00	80	31	00	 15	 64		  0	  0	  0		  0					  0	  0						PAR	058	______________		
T_23	C	CHAR	 14	80	00	80	31	00	 15	 79		  0	  0	  0		  0					  0	  0						PAR	059	______________		
T_24	C	CHAR	 14	80	00	80	31	00	 15	 94		  0	  0	  0		  0					  0	  0						PAR	060	______________		
T_25	C	CHAR	 14	80	00	80	31	00	 15	109		  0	  0	  0		  0					  0	  0						PAR	061	______________		
T_26	C	CHAR	 14	80	00	80	31	00	 15	124		  0	  0	  0		  0					  0	  0						PAR	062	______________		
T_27	C	CHAR	 14	80	00	80	31	00	 15	139		  0	  0	  0		  0					  0	  0						PAR	063	______________		
T_28	C	CHAR	 14	80	00	80	31	00	 15	154		  0	  0	  0		  0					  0	  0						PAR	064	______________		
P_22	C	CHAR	 14	80	20	80	30	00	 16	 64		  0	  0	  0		  0					  0	  0						PAR	067	______________		
P_23	C	CHAR	 14	80	20	80	30	00	 16	 79		  0	  0	  0		  0					  0	  0						PAR	068	______________		
P_24	C	CHAR	 14	80	20	80	30	00	 16	 94		  0	  0	  0		  0					  0	  0						PAR	069	______________		
P_25	C	CHAR	 14	80	20	80	30	00	 16	109		  0	  0	  0		  0					  0	  0						PAR	070	______________		
P_26	C	CHAR	 14	80	20	80	30	00	 16	124		  0	  0	  0		  0					  0	  0						PAR	071	______________		
P_27	C	CHAR	 14	80	20	80	30	00	 16	139		  0	  0	  0		  0					  0	  0						PAR	072	______________		
P_28	C	CHAR	 14	80	20	80	30	00	 16	154		  0	  0	  0		  0					  0	  0						PAR	073	______________		
T_29	C	CHAR	 14	80	00	80	31	00	 18	 64		  0	  0	  0		  0					  0	  0								______________		
T_30	C	CHAR	 14	80	00	80	31	00	 18	 79		  0	  0	  0		  0					  0	  0								______________		
T_31	C	CHAR	 14	80	00	80	31	00	 18	 94		  0	  0	  0		  0					  0	  0								______________		
T_32	C	CHAR	 14	80	00	80	31	00	 18	109		  0	  0	  0		  0					  0	  0								______________		
T_33	C	CHAR	 14	80	00	80	31	00	 18	124		  0	  0	  0		  0					  0	  0								______________		
T_34	C	CHAR	 14	80	00	80	31	00	 18	139		  0	  0	  0		  0					  0	  0								______________		
T_35	C	CHAR	 14	80	00	80	31	00	 18	154		  0	  0	  0		  0					  0	  0								______________		
P_29	C	CHAR	 14	80	20	80	30	00	 19	 64		  0	  0	  0		  0					  0	  0								______________		
P_30	C	CHAR	 14	80	20	80	30	00	 19	 79		  0	  0	  0		  0					  0	  0								______________		
P_31	C	CHAR	 14	80	20	80	30	00	 19	 94		  0	  0	  0		  0					  0	  0								______________		
P_32	C	CHAR	 14	80	20	80	30	00	 19	109		  0	  0	  0		  0					  0	  0								______________		
P_33	C	CHAR	 14	80	20	80	30	00	 19	124		  0	  0	  0		  0					  0	  0								______________		
P_34	C	CHAR	 14	80	20	80	30	00	 19	139		  0	  0	  0		  0					  0	  0								______________		
P_35	C	CHAR	 14	80	20	80	30	00	 19	154		  0	  0	  0		  0					  0	  0								______________		
		CHAR	102	00	00	00	30	00	 21	 65		  0	  0	  0		  3	R				  0	  0	109									
t_goal	0	CHAR	  9	00	00	00	30	00	 22	 68		  0	  0	  0		  0					  0	  0								## ##	                                                                                                                                                                                                                                                        X	
P_GOAL	X	INT4	 19	80	20	80	30	00	 22	 78		  0	  0	  0		  0					  0	  0								___________________		
T_TOTAL	0	CHAR	  7	00	00	00	30	00	 22	104		  0	  0	  0		  0					  0	  0								# ##	                                                                                                                                                                                                                                                        X	
P_TOTAL	X	INT4	 19	80	20	80	30	00	 22	112		  0	  0	  0		  0					  0	  0								___________________		
%#AUTOTEXT001	0	CHAR	  6	00	00	00	30	00	 22	143		  0	  0	  0		  0					  0	  0								###	                                                                                                                                                                                                                                                        X	
P_PCNT	C	CHAR	 13	80	20	80	30	00	 22	150		  0	  0	  0		  0					  0	  0								_____________		
CONT1			 52	00	00	00	30	00	 25	  2		  0	  0	  0		 12	U				  1	  1	102									
G_TABSTRIP			121	08	00	00	00	00	 25	 56	J	101	  1	  1		 13	I				 12	120										
TAB1		CHAR	  8	00	00	00	30	00	  1	  1	I	101	  1	  1		  0	P				  0	  0	103	SUB_SCR						####	                                                                                                                                                                        TAB1	
TAB2		CHAR	 39	00	00	00	30	00	  1	  2	I	101	  1	  1		 28	P				  0	  0	104	SUB_SCR						(#)#### #### ###	                                                                                                                                                                        TAB2	
SUB_SCR			118	00	C0	00	30	00	 27	 57	I	101	  0	  0		 10	B				  3	  3	105									
OK_CODE		CHAR	 20	80	10	00	00	00	255	  1	O	  0	  0	  0		  0					  0	  0								____________________		
%_FLOWLOGIC																																
PROCESS BEFORE OUTPUT.																																
  MODULE status_0100.																																
  MODULE: set_container,																																
          set_tree,																																
          set_image.																																
  MODULE set_screen.																																
  CALL SUBSCREEN sub_scr INCLUDING sy-cprog dynnr.																																
																																
PROCESS AFTER INPUT.																																
  MODULE exit_0100 AT EXIT-COMMAND.																																
  MODULE user_command_0100.																																
